Town->Mid1
45,6 46,6
Town->low1
4,53 4,54
Town->high
94,53 94,54


Low1-> Town
92,57 92,58
92,59 92,60
92,61

Low1->Low2
38,4 39,4 
40,4 41,4
42,4 43,4


Low2->Low1
40,92   41,92
42,92	43,92
44,92	45,92
46,92
////////45
Mid1->Town
40,93 41,93
42,93 43,93
44,93 45,93
46,93 47,93

Mid1->Mid2
92,45 92,46
92,47 92,48
92,49 92,50

Mid2->Mid1
6,41 ~ 54

High1->Town
6,38 ~45

High1->High2
48~56,92

HIgh2->High1
45~53,7

High2->High3
6,43~51

High3->FR
6,43~51

High3->High2
92,43~51


FR->High3
92,43~51
